9405511899223159937237
9405511899223159931693
9405511899223159939927
9405511899223159934885
9405511899223159937466
9405511899223159930832
9405511899223159931198
9405511899223159932171
9405511899223159933161
9405511899223159931570
9405511899223159935677
9405511899223159931877
9405511899223159931389
9405511899223159936902
9405511899223159935455
9405511899223159938395
9405511899223159937749
9405511899223159931051
9405511899223159933895
9405511899223159936629
9405511899223159919240
9405511899223159930580
9405511899223159919110
9405511899223159933666
9405511899223159937503
9405511899223159938166
9405511899223159936803
9405511899223159931679
9405511899223159935264
9405511899223159939088
9405511899223159934977
9405511899223159931082
9405511899223159938760
9405511899223159930474
9405511899223159937572
9405511899223159930863
9405511899223159930610
9405511899223159936377
9405511899223159939309
9405511899223159930351
9405511899223159601558
9405511899223159931815
9405511899223159936094
9405511899223159932928
9405511899223159938821
9405511899223159935875
9405511899223159931488
9405511899223159936292
9405511899223159936933
9405511899223159936452
9405511899223159930948
9405511899223159938197
9405511899223159930016
9405511899223159919004
9405511899223159936438
9405511899223159930320
9405511899223159939460
9405511899223159930146
9405511899223159919325
9405511899223159932294
9405511899223159934106
9405511899223159934519
9405511899223159936100
9405511899223159939385
9405511899223159934649
9405511899223159930689
9405511899223159931808
9405511899223159938487
9405511899223159919653
9405511899223159937510
9405511899223159938913
9405511899223159601503
9405511899223159935790
9405511899223159930207
9405511899223159931228
9405511899223159934731
9405511899223159937893
9405511899223159937039
9405511899223159933987
9405511899223159937367
9405511899223159939835
9405511899223159936636
9405511899223159931617
9405511899223159937985
9405511899223159939255
9405511899223159937763
9405511899223159934205
9405511899223159938685
9405511899223159938555
9405511899223159938319
9405511899223159934328
9405511899223159939668
9405511899223159937626
9405511899223159937428
9405511899223159939132
9405511899223159939996
9405511899223159935011
9405511899223159601091
9405511899223159937961
9405511899223159933437
9405511899223159934038
9405511899223159938074
9405511899223159935189
9405511899223159939118
9405511899223159601466