9400116901495496007911
9400116901495496008673
9400116901495496007409
9400116901495496000073
9400116901495496007171
9400116901495496008017
9400116901495496008871
9400116901495496000356
9400116901495496008307
9400116901495496007461
9400116901495496008550
9400116901495496000349
9400116901495496008291
9400116901495496007935
9400116901495496007942
9400116901495496000028
9400116901495496007164
9400116901495496008956
9400116901495496007195
9400116901495496008826
9400116901495496008895
9400116901495496007119
9400116901495496000288
9400116901495496008437
9400116901495496008642
9400116901495496008444
9400116901495496008345
9400116901495496007959
9400116901495496008253
9400116901495496007607
9400116901495496008758
9400116901495496008949
9400116901495496008789
9400116901495496000233
9400116901495496008000
9400116901495496008086
9400116901495496008024
9400116901495496008352
9400116901495496007683
9400116901495496007416
9400116901495496000868
9400116901495496000035
9400116901495496000011
9400116901495496007669
9400116901495496000271
9400116901495496000820
9400116901495496007904
9400116901495496008635
9400116901495496008833
9400116901495496007973
9400116901495496008611
9400116901495496007157
9400116901495496007652
9400116901495496000721
9400116901495496008697
9400116901495496007638
9400116901495496000752
9400116901495496008048
9400116901495496000585
9400116901495496007102
9400116901495496008284
9400116901495496008994
9400116901495496000547
9400116901495496000844
9400116901495496000813
9400116901495496000578
9400116901495496000790
9400116901495496008567
9400116901495496008802
9400116901495496008741
9400116901495496000561
9400116901495496008529
9400116901495496008680
9400116901495496008093
9400116901495496008659
9400116901495496008123
9400116901495496008925
9400116901495496007614
9400116901495496008475
9400116901495496008543
9400116901495496008987
9400116901495496008277
9400116901495496008383
9400116901495496008703
9400116901495496008666
9400116901495496000240
9400116901495496000042
9400116901495496007188
9400116901495496008369
9400116901495496000387
9400116901495496007478
9400116901495496008413
9400116901495496007980
9400116901495496000257
9400116901495496000004
9400116901495496008147
9400116901495496000394
9400116901495496008604
9400116901495496000332
9400116901495496007447
9400116901495496008734